Punto 1
X: 1.861521 
Y: 0.017973 
Z: 2.852534 

Punto 2
X: -0.211521 
Y: 2.782027 
Z: -0.602534 
