E0 = 0.81974007376663
E1 = 3.22093997858959
E2 = 6.94576649122619
